              precision    recall  f1-score   support

           A     0.9444    0.9444    0.9444        18
           B     0.9286    1.0000    0.9630        13
           C     0.8333    1.0000    0.9091         5
           D     0.9167    0.9167    0.9167        12
           E     1.0000    0.9231    0.9600        13
           F     0.9167    0.9167    0.9167        12
           G     1.0000    1.0000    1.0000         5
           I     0.5000    0.5556    0.5263         9
           K     0.9091    0.7692    0.8333        13
           L     0.7778    0.5385    0.6364        13
           M     0.4400    0.8462    0.5789        13
           N     0.8333    0.3125    0.4545        16
           O     0.8000    0.6316    0.7059        19
           P     1.0000    0.9000    0.9474        10
           Q     1.0000    1.0000    1.0000         7
           S     1.0000    1.0000    1.0000         8
           T     1.0000    1.0000    1.0000         5
           U     0.7826    1.0000    0.8780        18
           V     0.6667    0.6667    0.6667        12
           W     0.8333    1.0000    0.9091         5
           X     1.0000    1.0000    1.0000         4
           Y     0.9000    1.0000    0.9474         9
           Z     1.0000    1.0000    1.0000         5

    accuracy                         0.8279       244
   macro avg     0.8688    0.8661    0.8563       244
weighted avg     0.8495    0.8279    0.8236       244
