              precision    recall  f1-score   support

           A     0.9444    0.9444    0.9444        18
           B     1.0000    1.0000    1.0000        13
           C     1.0000    1.0000    1.0000         5
           D     1.0000    1.0000    1.0000        12
           E     1.0000    1.0000    1.0000        13
           F     1.0000    0.8333    0.9091        12
           G     1.0000    1.0000    1.0000         5
           I     0.7500    0.6667    0.7059         9
           K     1.0000    1.0000    1.0000        13
           L     0.5625    0.6923    0.6207        13
           M     0.6471    0.8462    0.7333        13
           N     0.7500    0.3750    0.5000        16
           O     0.9375    0.7895    0.8571        19
           P     1.0000    0.9000    0.9474        10
           Q     1.0000    1.0000    1.0000         7
           S     1.0000    1.0000    1.0000         8
           T     0.7143    1.0000    0.8333         5
           U     0.7826    1.0000    0.8780        18
           V     0.5000    0.5000    0.5000        12
           W     0.8333    1.0000    0.9091         5
           X     1.0000    1.0000    1.0000         4
           Y     1.0000    1.0000    1.0000         9
           Z     1.0000    1.0000    1.0000         5

    accuracy                         0.8648       244
   macro avg     0.8879    0.8934    0.8843       244
weighted avg     0.8734    0.8648    0.8612       244
