              precision    recall  f1-score   support

           A     0.8333    0.7692    0.8000        13
           B     1.0000    1.0000    1.0000         9
           C     1.0000    1.0000    1.0000         5
           D     0.8889    0.8889    0.8889         9
           E     0.9000    0.8182    0.8571        11
           F     0.8889    1.0000    0.9412         8
           G     1.0000    1.0000    1.0000         5
           I     0.6667    0.6667    0.6667         9
           K     0.9091    0.9091    0.9091        11
           L     1.0000    0.1538    0.2667        13
           M     0.5833    0.6364    0.6087        11
           N     0.3750    0.5000    0.4286        12
           O     0.8333    0.7143    0.7692        14
           P     1.0000    0.9000    0.9474        10
           Q     0.8333    1.0000    0.9091         5
           R     0.5000    0.6429    0.5625        14
           S     0.8571    1.0000    0.9231         6
           T     1.0000    1.0000    1.0000         5
           U     0.8125    0.8667    0.8387        15
           V     0.6923    0.7500    0.7200        12
           W     1.0000    1.0000    1.0000         5
           X     0.8000    1.0000    0.8889         4
           Y     0.7000    0.7778    0.7368         9
           Z     1.0000    1.0000    1.0000         5

    accuracy                         0.7818       220
   macro avg     0.8364    0.8331    0.8193       220
weighted avg     0.8079    0.7818    0.7740       220
