              precision    recall  f1-score   support

           A     0.7333    0.8462    0.7857        13
           B     1.0000    1.0000    1.0000         9
           C     1.0000    0.8000    0.8889         5
           D     0.8889    0.8889    0.8889         9
           E     0.9000    0.8182    0.8571        11
           F     1.0000    1.0000    1.0000         8
           G     1.0000    0.8000    0.8889         5
           I     0.7778    0.7778    0.7778         9
           K     0.8333    0.9091    0.8696        11
           L     0.8000    0.6154    0.6957        13
           M     0.6667    0.9091    0.7692        11
           N     0.4286    0.2500    0.3158        12
           O     0.8462    0.7857    0.8148        14
           P     1.0000    0.9000    0.9474        10
           Q     0.8333    1.0000    0.9091         5
           R     0.6250    0.7143    0.6667        14
           S     1.0000    0.8333    0.9091         6
           T     0.8333    1.0000    0.9091         5
           U     0.7222    0.8667    0.7879        15
           V     0.6923    0.7500    0.7200        12
           W     1.0000    0.8000    0.8889         5
           X     1.0000    1.0000    1.0000         4
           Y     0.8750    0.7778    0.8235         9
           Z     0.8333    1.0000    0.9091         5

    accuracy                         0.8091       220
   macro avg     0.8454    0.8351    0.8343       220
weighted avg     0.8118    0.8091    0.8046       220
